id,Class_1,Class_2,Class_3,Class_4,Class_5,Class_6,Class_7,Class_8,Class_9
1,0.0011255938523849333,0.2695180830595303,0.2697680727759781,0.39702550613052245,0.0010997411911282556,0.006680412099502544,0.052668346759015904,0.00015775939564646916,0.0019564847362910525
2,0.0031653651151476187,0.0001832762516703218,0.00022323182881000235,1.0234121419621612e-06,0.0006713980867601345,0.0009627719055046336,0.000548652292318024,0.9924177603072514,0.0018265208003958816
3,0.0006027705694737574,0.006899758585214181,0.0022426943815263955,0.7567279961742202,0.00039699656234549633,0.22309720869293828,0.007176546942231749,0.00014159298368924717,0.00271443510836108
4,0.30951876895255714,0.048040309265683936,0.017739146467103825,0.0016845117388568005,0.02110122041207109,0.018094990945565,0.04149096089534877,0.3243877074275827,0.21794238389523063
5,0.0005030089312585759,0.5637391961930643,0.40592066029290774,0.019185139184093383,0.0014270884227664514,0.0002127003079824958,0.008362536721078962,0.0001333363704482761,0.0005163335763997711
6,0.00018176926734143504,0.9452100920396067,0.04700224105995043,0.004156742548184137,0.0005678752030838877,0.0010676315253624101,0.0010703793114111477,0.0004557631616088981,0.00028750588345109393
7,5.1421326179189935e-05,0.9420643756193676,0.05293353872046262,0.0035866223569882044,0.0009491596642648415,2.6207468693316825e-05,0.0002985379707025497,2.332991288520949e-05,6.680696045603806e-05
8,3.574194924399827e-05,0.9765133765635428,0.012908731355759233,0.008803079186726247,0.001506041321386354,4.709840306291135e-05,9.553139517256434e-05,1.227392085624111e-05,7.812590424975652e-05
9,0.0003186224429268971,0.3830481673403382,0.5672810667897871,0.02175681944167973,0.0003783431702943114,0.0005404551969917996,0.02617908172907292,0.00017355395459595175,0.0003238899343132335
10,8.48852764193903e-05,0.3796945184498008,0.5120300352186163,0.10375430239105264,0.0012075377365329903,0.0002524487279233608,0.0012070256069144545,5.645526098218615e-05,0.0017127913317575955
11,0.14133556384398574,0.0006608431228445453,6.00480855995501e-05,0.005987605741308799,0.00016620426924542612,0.7112450480301404,0.013766844719142624,0.00650910017299264,0.1202687420147401
12,0.01195052847743766,0.0002904053109734547,0.00035816569662786474,3.3136714872242304e-05,0.0003078463255692881,0.05500189778651665,0.0036319608688033683,0.9143768170888533,0.01404924173034599
13,0.0004137037742601608,0.5455859472503958,0.4195557199918266,0.00288858688307855,0.001013692205816889,0.004671157238052887,0.009634623122078967,0.015352374155374408,0.0008841953791154923
14,0.0553457971230369,0.00021954764940622652,0.00048110583829820625,7.857010922112726e-06,0.0007747001229263769,0.009922960033138077,0.012764345637110694,0.9121345539269416,0.008349132658219632
15,0.000865779723344665,0.0024499499379686835,0.0011342005541832055,0.0010640216306952658,0.989498309318483,1.099499246724174e-05,0.0002459652878748425,0.004337265114408407,0.00039351344057465565
16,0.007437032787041913,0.0008614090667678289,0.004098848422584525,0.0031615879439535377,2.5545392064338115e-05,0.08049474809299567,0.9009008657907837,0.0021224380152668585,0.0008975244885416984
17,5.222372853097393e-05,0.0003421780067361808,0.0002843300139912925,0.0008815891131045779,2.3461263104400627e-07,0.9953016843822423,0.00037228253804061145,0.001400024813287441,0.0013654527914357243
18,0.00011760632219002585,0.34714416738954895,0.26919986997789525,0.37650835818956435,0.0014858488680147303,0.0010742684187321993,0.0015663206435675443,5.5825046207276044e-05,0.0028477351442799705
19,0.0006385209845946091,0.808298945883878,0.16543622943654718,0.014120298069418584,0.007416555064015606,0.00019210949779021477,0.0008654119753913152,0.0004603648811315007,0.0025715642072329683
20,0.000193684345215708,0.4986484514750137,0.3840898012617576,0.11125225107867817,0.0011776436226504454,0.0003913992057104661,0.002812732488086371,5.0568999130943176e-05,0.0013834675237566212
21,0.012087653381943992,0.00010018343055010703,5.050137465830859e-06,0.002945545925279571,3.73131867774178e-05,0.9700292256636456,0.007412363551187165,0.0022322418884901662,0.005150422834660206
22,0.010649382110553543,0.00023952238146974136,4.81221887396189e-06,0.0019385158302653834,4.843650896529699e-05,0.9697565681887088,0.013290031290561439,0.002676825463649706,0.0013959060069519635
23,0.00026543182915124197,0.4942187243070868,0.4787342521060047,0.0021883766212831505,0.0012803722041385798,0.002475857044618779,0.005915724760954382,0.01431109823561171,0.0006101628911509718
24,0.0027120044696438412,0.008247606617042937,0.02345392230128523,5.97098499898877e-05,0.0032547140086262904,0.0035623971871954108,0.018764109833539117,0.9380123498920068,0.0019331858406704543
25,0.006543358213602454,6.687062260605107e-05,9.299110409515491e-06,0.004190200323788809,0.00012894493349829798,0.9690485507899337,0.010861706162585279,0.005874100702223862,0.003276969141352075
26,7.135447238272714e-05,0.564871921268661,0.42322004913920647,0.009953726382330276,0.0006899127017462907,3.405385555194948e-05,0.0006921499633367061,3.7037631875205836e-05,0.0004297945849095002
27,0.6950233829661592,0.0031664627449526075,0.00010834427156771418,0.00033499390468009625,0.0015036673151641792,0.09796688948596155,0.010687180213472985,0.07179319120121161,0.1194158878968301
28,0.007887541720985842,0.7997589106010162,0.09966135351592566,0.043146262199327295,0.005973995404855682,0.009914749934724264,0.012232432433380921,0.0036455046096588533,0.017779249580125334
29,0.015384891072261394,0.0008390206447183049,0.0015981554250038873,0.0004926156838357836,4.170847437570065e-05,0.0368352138373647,0.9389001378164079,0.005382125114520315,0.0005261319315122152
30,0.00014875394567589008,0.45735637692168274,0.4645689756002971,0.07081167836203471,0.0007557844995178004,0.000399992747066583,0.005271721766748313,6.83605212840105e-05,0.0006183556356927199
31,9.423368706386753e-05,0.0004413410130474042,9.979999526318058e-05,0.000785974592458511,5.719329788068952e-07,0.9961785948425764,0.0008673475587202205,0.001133866976779055,0.00039826940111248007
32,0.002226015759126551,0.0007844390572598695,0.001738395121962551,3.705786229022437e-05,0.0002582803832859994,0.036910970310185316,0.013385379695857841,0.9429640322195905,0.0016954295904412367
33,0.005344243597516768,0.02219714677074206,0.005814798439044954,0.0029397078677482528,0.9581564532800012,1.3032418261635704e-05,0.0008417220490381686,0.002645216110777017,0.002047679466869976
34,0.0029053929859023967,0.017016805286207234,0.023607173261824953,0.3140212521995403,0.6028527733306569,0.00420325037195794,0.0093447697206873,0.014305133122779416,0.011743449720443522
35,0.0026774800904553436,0.5502212356095605,0.28586989977299676,0.0982398797513337,0.006155629337987134,0.0034565708926414377,0.04997311914183099,0.0010713747591127505,0.002334810644081434
36,0.0004709169915626612,0.0006121613903492692,0.0005151717000327959,0.00040677309238512524,1.3794155596997555e-05,0.9226661858845179,0.018383893268010786,0.056606422274661686,0.0003246812428826705
37,0.0039749045049780884,9.325579095250818e-05,2.7928517004046845e-06,0.0009354352418801489,5.6128722927477615e-05,0.9832985827615615,0.005053224181235564,0.005856896253379483,0.0007287796913849636
38,0.030357545313829896,0.001622890754503025,0.0027059086367746087,2.8649542907992332e-05,0.0004285733390774632,0.015549206100718629,0.003287091603643544,0.8711192349918356,0.0749008997167092
39,9.670447101664198e-05,0.6985920554594939,0.29310838115006344,0.005985840991575935,0.0004421308448720596,0.0001407863097930342,0.0011284149228506317,0.0001297436541984907,0.0003759421961360226
40,0.0022015608300046787,0.0003693489052188175,0.0004809994184457627,3.430676066273651e-06,0.0012916028081879913,0.0008551270687352227,0.00021553843473667107,0.9871957305566426,0.007386661301962026
41,0.0002503951445083975,0.3695372345897102,0.5682477392897001,0.04435045112183231,0.0013224563772490706,0.0007715652210520791,0.014665581949404847,0.0003390193575515363,0.0005155569489914706
42,0.07161623305474986,0.0057017973827221515,0.0011595089588663206,0.04349931859959984,0.0026679752940965006,0.6338595032403056,0.03431324949691278,0.0323023224766712,0.1748800914960757
43,0.009462551771136193,0.08050440172294311,0.05577677611723922,0.0215566900221361,4.666824583213474e-05,0.20608877321336935,0.6218095920862348,0.0018932312420418128,0.0028613155790672864
44,0.0007205051788543034,0.3845075520247244,0.6015116259893044,0.0011202534473141444,0.002237265132026881,0.00021393375984061857,0.0037398006827340036,0.004726325942032262,0.0012227378431688848
45,0.011038160883389435,0.00010509975535102815,5.282848480419057e-06,0.002862540890130677,4.186313154805691e-05,0.9714582488664291,0.007554182608570391,0.0024973656619869146,0.004437255354114066
46,0.00026000674126689494,0.4213754150588279,0.44521408713777216,0.1244753968018128,0.0010435397980537312,0.0006637090134034142,0.004284269436601306,9.330204437896312e-05,0.002590273967882847
47,0.0005409055863927226,0.7195184951094014,0.19002734816745467,0.075635598807964,0.004257089003538857,0.0023966975361537175,0.005052337082704948,0.000660788003739152,0.0019107407026505401
48,0.00018478613003282992,0.8557519530975569,0.1068941687962951,0.03269801070037852,0.001705918336208973,0.00033667852856045856,0.0020290867010194008,7.27873829230361e-05,0.0003266103270247998
49,0.0001698632811785819,0.5157049724098174,0.3878140088764323,0.08656296994240033,0.0005825688217094275,0.0006818425040547904,0.0079165866133458,6.55677976649295e-05,0.000501619753396279
50,2.7518803109021986e-05,0.0005389635714687191,0.00018794926697841819,0.000291681084130302,1.792471766599309e-07,0.9962818224596762,0.0003697795525643298,0.0020619384567684843,0.00024016755812776336
51,7.820892166836436e-05,0.8642881077183042,0.08679328026195769,0.04403231638014298,0.0036744804939222524,0.00017135241167421766,0.0003228305601342302,5.587903488897796e-05,0.0005835442173071219
52,0.0012591277770739313,0.0007295346610857097,0.0005640251066599616,3.989568552396439e-06,0.00023353874090987654,0.00542897307600717,0.0004963968608049429,0.9886269087300363,0.002657505478869644
53,7.679923791471224e-05,0.9612120751805783,0.022781204501474042,0.014154405592151796,0.00034667073303438974,0.0008398848844287511,0.0002564759985330972,5.516603167966268e-05,0.00027731784020522746
54,0.0025831108087053965,0.4060651307899454,0.4170200225935533,0.09062551685732079,0.0021037111445571743,0.005423912343223598,0.07116464276072514,0.0011435732213766992,0.0038703794805925356
55,0.00023812718037052557,0.6793514215428883,0.22380325737625917,0.0916776984822571,0.0013272630053950615,0.0003166429313301699,0.0016388105105656027,3.645442983256072e-05,0.0016103245411013495
56,0.000354904592532721,0.4934580279575878,0.4499709347470602,0.0031780535257644087,0.002457571443648236,0.005855268738295522,0.009899529855178725,0.03416586586700191,0.000659843272930327
57,2.9355537924579093e-05,0.0002918698267186574,6.255282360137389e-05,0.00032845495380521563,1.9778906584094069e-07,0.9976479490412824,0.0002612358051130064,0.001158077309400229,0.00022030691308874958
58,0.044694132623422526,0.00015811136188297254,0.00019914172406431367,0.0004678650777250724,3.201005747255394e-05,0.011222681669231882,0.0002784033309937156,0.0014540885099692934,0.9414935656452377
59,0.015767534377002786,0.002218568159396382,0.0022456372632552626,0.0013547396772953361,7.757793665508258e-05,0.01785750788410626,0.0006153212957077894,0.008042114575830006,0.9518209988307511
60,0.22302143645946498,0.0011925533124851437,8.230961223521865e-05,0.00036915217840113797,0.0005702150313762349,0.46845999510027847,0.003763005730948533,0.15549368362951962,0.1470476489452907
61,4.7478650268793654e-05,0.8078626571224883,0.18757380870030932,0.0032864724846575536,0.0005833718258792885,2.308043417523296e-05,0.00048654236632982966,3.438748589717344e-05,0.00010220092999457102
62,0.03737356480335866,0.004421425975890478,0.0010313251435337663,0.0012702252585874857,0.0006479814370714976,0.006181931611450583,0.00026845100819375325,0.0069025893706370295,0.9419025053912768
63,0.00010079124661315505,0.3551499253178672,0.5614516959372295,0.07855816530770239,0.0016631446162866709,0.00014044016098938036,0.001228176474616491,5.566035279812892e-05,0.0016520005858969382
64,0.017085044756528313,0.00041130416583894623,0.0003123444318207749,0.000616332916321253,7.768868559909244e-06,0.021530211556023044,0.0001370877912911175,0.0008061423467702759,0.9590937631668464
65,0.0007653958714691267,0.46549541722603727,0.4380580871932491,0.002199362528490852,0.0028448045624501774,0.006937006499621418,0.012078977077020594,0.07009197370457716,0.0015289753370841912
66,0.051363223169482046,0.11191647775049117,0.4101103706029305,0.01722392904268339,0.013037132017565903,0.0031093845646952265,0.38023256638068875,0.0071012712068099105,0.005905645264653162
67,0.0015805987531206083,0.2972801954584593,0.41351693105354503,0.1935240584704472,0.0009595778640105076,0.005762421917159356,0.08511853350480121,0.0002937631411429903,0.001963919837313676
68,0.0025050059331303133,0.00021250100009869523,0.00023715875932368594,3.3611511943139717e-06,0.00021374297092459994,0.007610987536753155,0.0009070998505339454,0.9858696232474902,0.0024405195505510934
69,0.0053309843660072935,6.731178196128077e-05,2.6426113774673504e-06,0.0013833898631604286,4.1084414470108775e-05,0.9835942609257385,0.004372616319835189,0.0035903720721889723,0.0016173376452608096
70,0.00018523419760735468,0.5024363352799601,0.3879666738667592,0.10124702350234453,0.0013073671286997308,0.0007939432801829345,0.004799386499225207,0.00013573847384592953,0.0011282977713750802
71,0.0019892077642816018,0.004529614318013098,0.0021931091873944766,0.00292284531497402,0.9836341878890951,1.8462400471288164e-05,0.000643450231838367,0.003193575510416867,0.0008755473835151685
72,0.002005993644458191,5.8989020691883964e-05,2.045795862116423e-06,0.0005845991200187777,6.61052104144192e-05,0.9846115783539706,0.002564477686509153,0.009687302835904155,0.00041890833217051235
73,0.008287266555385794,6.871050462602213e-05,1.8082734214657988e-05,0.004291662129754993,0.00013938795437265413,0.9574880304745161,0.013640401950056846,0.009900622944757638,0.006165834752315194
74,0.0024752379163014188,0.0002427080182905286,0.0003214873739530376,2.36304640287308e-06,0.00030933453412209625,0.00314155608359472,0.000498797143172535,0.9894507418303332,0.0035577740538295325
75,0.005093214187294656,0.009104862038115906,0.01334347214221639,0.2743988670966823,0.6539586685559762,0.004128094009578955,0.019261832644972325,0.012486122216539677,0.00822486710862364
76,0.00011149789069948869,0.47444611273608017,0.2934531571486654,0.2272107464817797,0.0013647254067729068,0.0003279666270794109,0.0013459745781162714,2.4468945574933823e-05,0.0017153501852318579
77,0.0058835838850124595,0.00012439388987046837,3.5830664160011822e-06,0.0012618466704201572,3.7282883888014294e-05,0.983246372970601,0.003702081076268909,0.003835767174724977,0.0019050883827981008
78,0.003907751626596472,0.020133861585695845,0.005305419976219515,0.0022705004157167552,0.9631581105671603,1.226643997891786e-05,0.0006770991245343502,0.0030837841877468905,0.0014512060763510457
79,0.009419612884761572,0.0004495738027936179,0.0010263019680842116,4.3824124183151405e-05,0.0016291895146512976,0.01753074670528514,0.017440616194187634,0.949493323948839,0.0029668108572144854
80,0.00010270813555509744,0.6350746985422484,0.2467821443523596,0.11426997294458212,0.0014493295185377657,0.00019736021830670837,0.0010067107977898447,2.469972909512168e-05,0.00109237576152537
81,0.01466762527056353,0.14973123723365764,0.09896809780714286,0.0722950717856468,0.6256370440370965,0.0004680101966872713,0.01836276733128194,0.007198785019439249,0.012671361318484238
82,0.0887972176186746,9.501981637992192e-05,0.000281182729670713,0.00010201891620331261,2.0705187927721483e-05,0.007620274783020298,0.00048124420860708427,0.003847097480357444,0.8987552392591589
83,0.003209349099188691,0.9225485799300237,0.03944562450896938,0.016858839922118885,0.0024403181916654833,0.003829052743774923,0.0019994739661793885,0.0011160477458113307,0.008552713892268039
84,0.013132658590016735,0.0005854484286212241,0.000552506244188108,2.3829798018355588e-05,0.0003770346343195306,0.03293683712072916,0.0038295100220535234,0.9362224696720115,0.012339705490041885
85,0.004698470528547994,3.1088340133123765e-05,0.0001551713502864159,3.9222549514163246e-07,0.0007241641664944941,0.00034166488097748355,0.00032098275578445107,0.9904091162384532,0.0033189495138276977
86,0.0006461031435125357,0.00013851302318673112,5.912309354754751e-05,0.01688114681538609,3.986664520128888e-06,0.9669215926739821,0.0008975061207091215,0.000334971728012119,0.014117056737143526
87,0.004796067299396078,0.00018794594750770466,0.0002565985551289154,1.145322259880321e-06,0.0010054345760864606,0.0007913618110805743,0.0008899895783330522,0.9901348723999815,0.0019365845102258322
88,0.00011443984037767566,0.6067280903775953,0.2831968897535595,0.10593955875947858,0.0009270690111310642,0.00035448457604615567,0.0015643894903723293,3.782941930908025e-05,0.001137248772130222
89,0.005079004326166011,0.44981712925143635,0.2470480594780684,0.21853056544049265,0.013079787164280883,0.011467040342179472,0.01637584342511126,0.003665192916262033,0.03493737765600293
90,0.08236991212981006,0.0005315152139967254,0.000489139877153356,0.00021490467602216408,6.425172677854901e-05,0.009703105993430728,0.0004931472283359044,0.006015886448468438,0.900118136706004
91,0.17680836365029604,0.0026032545350817564,0.0024016013931212107,0.00011274200475666315,0.0006901751548592177,0.010396407862421613,0.0029544197995069496,0.17955705028124025,0.6244759853187164
92,0.000857558314781613,0.27585911818172487,0.7117965446736451,0.0015060042364945286,0.0022103421803075923,0.00010806195195046746,0.003365766986092008,0.002291243995702643,0.0020053594793011317
93,0.006470767975607288,0.3222939619328814,0.33715966371144523,0.12188513774222022,0.003021919629371365,0.005849898682527056,0.20068887725155324,0.0006549931918516742,0.001974779882542748
94,0.0007751209963594583,0.4311644846376659,0.4164604411620733,0.062403181530051484,0.0003760543142288022,0.004552838614462387,0.08344549052386645,0.00031247271453122054,0.0005099155067609731
95,0.00014775298343718866,0.0003598952235701797,0.00039852739435138073,0.00032629813139962587,2.2752061631370082e-07,0.9923148044583675,0.002246419331134636,0.003379208039631678,0.0008268669174915526
96,0.00013303422211568725,0.46620892055338986,0.400332604230725,0.12732701627771836,0.0021467106019168324,0.00015583894449544406,0.0008195633246724198,3.636006054166881e-05,0.0028399517844246913
97,0.0006670789030598133,0.8080504220461053,0.1232469343952159,0.04475808254291976,0.0009148495391011564,0.004776885813591807,0.016361230005505094,0.00045842613388000404,0.0007660906206211251
98,0.0008662087192755177,0.0013100366420826682,0.0009368931564064241,0.0010262589456777789,0.9915318545936291,7.3301251007848475e-06,0.000156048066473533,0.003521023916184979,0.0006443458351691663
99,0.0029442312807775057,0.4798241498960274,0.33698415167030604,0.07772572781351902,0.0015744729636403508,0.00423371860407572,0.09442806933722599,0.0005469062807415057,0.0017385721536866303
100,6.736546183312024e-05,0.8942840789985039,0.0961112218583898,0.007451831340375544,0.0014915735150401763,3.660790235776263e-05,0.0003466324890812238,3.406366642960742e-05,0.0001766247679889659
101,0.0006485439019435794,0.871565502790372,0.04885150739589976,0.07075386276474298,0.0038143609773967613,0.0004202024899090454,0.0005205376350892488,4.9380536061310946e-05,0.0033761015085854544
102,0.0074310343404394765,0.0003192763480569151,4.733258340993008e-06,0.0009856832689572128,7.501048797252845e-05,0.9776897189718438,0.005533537127855582,0.006862994679112591,0.001098011517420841
103,0.005409318331019874,1.598539514720009e-05,1.214387454962855e-05,0.007454821917820962,6.106915568858969e-05,0.9621876923724224,0.005770169517098868,0.003793441690440071,0.015295357745812406
104,0.0026609737460210263,4.325440475610094e-05,1.7564704044575774e-06,0.0005907726855551928,6.906383405153407e-05,0.9834555058698533,0.002468646343364282,0.010076714974478925,0.0006333116715153194
105,0.0013649082267072085,0.4384418464637371,0.09336334870345525,0.29519677335820443,0.0004479975301477818,0.08587661846695888,0.0841104786020012,0.0003760043194199696,0.000822024329367957
106,0.21429434427090066,0.031365327511636516,0.0037947582506549023,0.012361400365075713,0.0016583040567089765,0.41627707114643175,0.18810370889618816,0.04507431757379259,0.0870707679286107
107,9.678038426637084e-05,0.0006343655502798676,0.00015614112292962633,0.0007737727340323396,6.035828906500602e-07,0.9955305496144558,0.0009650035307684337,0.001423550060975221,0.0004192334194017719
108,3.3543779074841105e-05,0.41850363256683937,0.43333241523599825,0.14423106514182663,0.0008749062170130694,0.0006988939333976426,0.0017806571327049873,7.452278546695046e-05,0.0004703632076782243
109,0.07101445621730712,0.0010734828594397457,0.000482750533807053,0.0006561547585997224,0.0005347626422450081,0.5513507827137191,0.1339404778156013,0.23238407318983695,0.00856305926944403
110,0.008697086478129987,0.006389932049736704,0.011007437538200396,0.004691619990207731,0.0001693329056025969,0.12023309669320724,0.8354146767298477,0.012223362942055413,0.0011734546730121725
111,0.003617498476209038,8.988488201253195e-05,1.6321031191767125e-06,0.0003679907044389184,5.810779248878368e-05,0.9813865605018303,0.002564857927748341,0.01137515282806418,0.0005383147840885929
112,0.00010415022513749025,0.0449543199522893,0.0015241737973983652,0.003378386512039911,1.9383594070169282e-05,0.9377366275725488,0.0008143682195011192,0.010755500847098143,0.00071308927991675
113,0.0014957049716689454,0.014444030466767722,0.012895214777059183,0.0001289131165310297,0.003750429319138333,0.008027101433938838,0.004185657187485408,0.9524197044621173,0.0026532442652932075
114,2.0109248464944173e-05,0.9136534607552805,0.08413310091047295,0.0014393337266020126,0.0004015122234829769,2.123455048202667e-05,0.0002744743754253027,3.112809139162395e-05,2.564611839769705e-05
115,0.0019772715584863445,0.43480288252429655,0.24045763575895118,0.1417031028302838,0.002308431120515438,0.016557833475629346,0.16018265994663827,0.0012369525388513888,0.0007732302463480125
116,2.6518719921962636e-05,0.0002173492489023247,4.9762528571140615e-05,0.0003399763323856784,1.8338957460553588e-07,0.997924247645581,0.00022607594706658036,0.0009947080268008308,0.00022117816119606975
117,3.0012432668960562e-05,0.7713432425882546,0.10636216103719705,0.11914388373230977,0.001424056130587624,0.0007550234786775831,0.0005656231399185396,5.3661925989166536e-05,0.0003223355343966057
118,8.571013941487375e-05,0.8198003105414274,0.1361494343133773,0.040155573609791634,0.0011798206031269384,0.0009489140388924753,0.0007070119414656737,0.00018555456151933265,0.0007876702509845139
119,0.0001737894530635403,0.3553615197282777,0.627500998140708,0.012276977269284785,0.0022390596478977006,3.460743626486063e-05,0.001515973755657737,0.00010048228739404223,0.0007965922814519256
120,0.000379594524135861,0.8496826376744853,0.13216232545806106,0.01433387793664678,0.0005136123557551782,0.000377852217722186,0.001015191800482395,8.115640443757461e-05,0.0014537516282738408
121,0.08893644975454655,0.06587436630197062,0.07654807307733381,0.0006654344406510998,0.001527514934078522,0.026959570978370793,0.5282154496178033,0.1945168744698198,0.016756266425425412
122,8.753496439826771e-05,0.35495200016807066,0.6313961120086738,0.011139993442365497,0.0008193037581397078,2.63540274927406e-05,0.0006881065264718165,4.3597666676088855e-05,0.0008469974377109387
123,9.004380873051347e-05,0.0007473966770268896,0.00020051585095459402,0.0009130051304612631,5.121296086278628e-07,0.9954595320064322,0.000899961395512954,0.0012031044359449641,0.0004859285653280373
124,2.614720613804462e-05,0.0003478365859264201,9.13074149064806e-05,0.00024638863547426864,1.7207705787728802e-07,0.996939977390867,0.00023074617921414566,0.001857990792107074,0.00025943371830878246
125,0.00010168832178596721,0.0007124614713345115,0.0002100378033104634,0.0009434990251050668,5.978059525326938e-07,0.9950354677043772,0.0010615174810329824,0.0013962163288808523,0.0005385140582204334
126,0.008038960038992342,5.275136085089478e-05,9.39394539074027e-06,0.0058905648023174564,1.560901714279884e-05,0.9587847337565677,0.002777831092016448,0.0011756716671841472,0.023254484319537493
127,9.074056419884769e-05,0.8295610408302497,0.1564497397814012,0.0092859720050361,0.00042644239814194283,0.0005066597675074511,0.0034156893634804536,0.00015875705045023634,0.00010495823953394275
128,0.00010167503972263811,7.11039689852237e-05,3.917417565632504e-06,0.0005384898945460509,1.7640456395056486e-06,0.9976652233779914,0.00020507480704305486,0.0011182790558167783,0.0002944723926898466
129,2.859981414061041e-05,0.0006862121869834083,0.00021961239580561904,0.00024278071558270347,2.1486012324907168e-07,0.9952283569945154,0.00042462525432363944,0.002961046808969191,0.00020855096955610893
130,0.00024041602029334277,0.8480556196514827,0.14220905095248346,0.003991601052556001,0.00011641699946595491,0.0012594666169015371,0.0036947373646734586,0.0002077142861342757,0.00022497705600923226
131,5.884492785286139e-05,0.8501614008697719,0.11542040092265275,0.032164603041468315,0.0009175447203784126,0.00016797739021324004,0.0008909612267255732,2.7870667746016883e-05,0.00019039623319077817
132,6.110899959887419e-05,0.9210802060894192,0.030401406029660842,0.04681247443577614,0.0007966266076821852,0.0002443881660889524,0.0002600750351049841,1.2853442686310039e-05,0.000330861193982616
133,0.0003889620419115764,0.8979395839202614,0.07963548459620229,0.018130779800342944,0.0015304365267181908,0.0003097592050667058,0.0007372205170057343,9.204696054739417e-05,0.001235726431943628
134,3.4675495163706346e-05,0.7394097176378219,0.25700848013772476,0.002476959612560557,0.00037125408499291386,2.2740038895485715e-05,0.0005618490398692126,3.8408189749389983e-05,7.591576322203964e-05
135,6.859131535842741e-05,0.5291593022125716,0.11435005637718001,0.3509168518527549,0.001661198437420597,0.001539045688768145,0.0016445754747665931,4.6672592850826295e-05,0.0006137060483289663
136,0.0011457159906853973,2.1373554467867348e-05,4.391993791360287e-06,0.0026593424121208143,1.4538039008141585e-05,0.989755220668467,0.0009782103039424912,0.0018454681042147723,0.0035757389333020704
137,0.017398120553390115,0.001065278090841679,0.0011482410209690394,0.0013449229761546854,1.420074511453997e-05,0.4045582899968495,0.5646934102480599,0.007769823330865918,0.0020077130377545447
138,0.07177268395669961,9.215787686939542e-05,5.571842843283112e-05,0.014644129255863223,6.129767353660085e-05,0.692648473828896,0.014702993763236253,0.002385696100490109,0.2036368491159759
139,8.796763487332273e-05,0.0002747442014135005,0.0005527931844014781,0.0016118459641718244,1.8414747352062008e-07,0.9928438125832305,0.0008258710125115728,0.0009334618497528912,0.0028693194221714137
140,3.675008665345809e-05,0.8765250604723229,0.11412275471996261,0.006752956069799157,0.0018447688371135314,7.744922811693563e-05,0.0004637334812110384,9.355697324613865e-05,8.297013157423477e-05
141,0.0012023367753117777,0.08207604814466359,0.4821130984015079,0.10720131527105993,0.0003632855804988239,0.01638533248564407,0.3091151089922989,0.0007912874340107119,0.0007521869150041832
142,0.03376689162741148,0.009405246128630569,0.004868098100946356,0.002275684200364863,0.007386141709146684,0.22164207827953206,0.12347202694948979,0.5885218924414061,0.008661940563072184
143,0.0010533052003942431,0.3221416046114319,0.661690090928146,0.0013139419327714583,0.00293895827050875,0.00017044151637982818,0.005009079535874059,0.004169831209310042,0.0015127467951836638
144,0.024837195882279558,9.443117248768718e-05,3.1085779770279e-05,0.026461021622589134,0.00010565991651104574,0.8822056700578306,0.03698955096504164,0.0015791765739602375,0.027696208029529955
145,0.00817056778578769,0.00022561018993224783,0.0002927907091822712,1.2347752998457711e-05,0.00025744802215285943,0.02532779533196793,0.002187321242018486,0.9552072444574472,0.008318874508512781
146,0.07506303741716698,0.0006678918688314778,0.00034736383598084434,0.0001206777917638777,0.0028001555025259314,0.05458169067265749,0.0037475384421751146,0.7889762345554575,0.07369540991344067
147,0.0003261855509051908,0.7352152046642607,0.1485789662783327,0.10790098860310711,0.003986075758475355,0.0002690063452050242,0.0008943150734409273,5.10265810601583e-05,0.002778231145212652
148,0.003725254349037173,0.7144546189347187,0.15439399685424393,0.07552817015906826,0.0033229981118908574,0.006376164628872287,0.03800239289098533,0.0009413482828188774,0.0032550557883643813
149,4.5996053164865405e-05,0.0001965694209182078,1.0063386944294465e-05,0.00031668182360823004,4.517355672323691e-07,0.9982558755593995,0.00017687520944475814,0.0008406240594625048,0.0001568627514905352
150,0.011288828415780367,8.030945470995035e-05,8.707300844256008e-06,0.005917422146997138,7.029975349188686e-05,0.9614891805752737,0.01220699380573998,0.0025616849470790674,0.006376573600083559
151,2.974461844177883e-05,0.0005921349856594719,0.00019648357226964756,0.00022996870235923793,2.118128083899653e-07,0.9952120318544039,0.0004175005641089846,0.003095189059573831,0.00022673483037478253
152,3.271568585653082e-05,0.00012544335752372825,7.879426206004156e-06,0.0002968262905419922,3.848988580769647e-07,0.9984646895816143,0.00012099594440354522,0.0007993153389204271,0.00015174947607538703
153,0.00503033510589647,0.00010847195061651221,1.9075351678634147e-06,0.0005487480491057159,6.871027480669594e-05,0.9813264231975493,0.0037041357180354825,0.008574500222527886,0.0006367679462941331
154,0.30549903685178903,0.009731909825459423,0.00038286570676415537,0.0018123527308358436,0.0034139608294884156,0.19278354884692417,0.006136168994585304,0.12364982820857634,0.35659032800557744
155,0.00023656950165719918,0.7800251856912623,0.1604052083162085,0.055272233012538065,0.0005007124650049797,0.0004480562765622627,0.0009113732339318181,3.393381503982975e-05,0.002166727687794985
156,0.0001367410179015154,0.863619309717706,0.08851134326629574,0.04516735571158337,0.0006355461107088551,0.00033310574859470623,0.0004943904758437417,2.7402050259681443e-05,0.0010748059011064539
157,6.257826437190577e-05,0.8536982257449264,0.0367466054195931,0.10586192292447924,0.0014169534431257359,0.0012346552317849676,0.0006116691419008605,4.725456795107127e-05,0.0003201352618666976
158,5.5221164269648725e-05,0.8749742067751246,0.11678089526942198,0.006651739069100092,0.0007023834608713308,4.7166354736967864e-05,0.0006673653558586217,2.8465030860424136e-05,9.255751975633881e-05
159,0.06327558843185224,0.000151807255912617,0.00015177166353790155,0.002281425250191085,0.0005693838820610397,0.7526880026859748,0.02256163256316896,0.10245643636021891,0.05586395190708232
160,0.0001037008817424895,0.8383956808266112,0.04684405694813084,0.11167929032571645,0.000857453382006833,0.0008050392449884497,0.0006433888095549169,2.3375784490538224e-05,0.0006480137967583059
161,0.00027735860899217175,0.5733799070838043,0.39457820431386065,0.0030415443201921707,0.0015936640477639736,0.003993386401130349,0.006285577379710238,0.016266157959877913,0.0005841998846680983
162,8.349119713718736e-05,0.638360907055901,0.28723850018304287,0.07000139577498589,0.0017352928326475816,0.000314154266719256,0.0016447546957320605,7.65369694620845e-05,0.0005449670243722373
163,9.289531846260604e-05,0.775678762850803,0.20242598207638937,0.019378983168177457,0.0011773605321087756,6.406671232864062e-05,0.0007898431357020689,3.0283700385459828e-05,0.0003618225056425774
164,0.005664936077615884,0.00014649247002159222,2.6081664563454736e-06,0.0005019569944130975,6.205135365292508e-05,0.9784054588054283,0.004461694698095708,0.01002600691194086,0.0007287945223752678
165,8.941318846083265e-05,0.00046622767064050997,0.00036789205345586314,0.00028959840958827157,4.4186558388718796e-07,0.9905842306866287,0.0023224864548676014,0.005550260472766236,0.0003294491980080228
166,0.004735280970810052,3.0655362714635166e-05,0.0001561746532669012,3.9632943091238493e-07,0.0007238270674209801,0.0003425954113425092,0.00032135249643301135,0.9902894516147822,0.003400266093798849
167,0.0005443728102101814,0.2776911578250118,0.5542848978422652,0.08066797673598056,0.00027751538172618933,0.0036857713943629065,0.08219003680148845,0.0002061483939065633,0.0004521228150480947
168,0.00017567654791441687,0.354544773555448,0.6365703456463667,0.00527169544158651,0.001100831287187487,2.2547073273760794e-05,0.0016728226777631052,8.872366189397482e-05,0.0005525841085661778
169,8.575166284152732e-05,0.623288714279087,0.3042461771290233,0.06905777248487054,0.0009836494598526831,0.0002076095821126939,0.0014916501799857095,3.482372996926481e-05,0.0006038514922574131
170,0.0002254957847608323,0.7662409269760381,0.16888491747774895,0.06039196109112235,0.0011303067293539008,0.00024819969828487724,0.0007320696762099285,3.3650319630444147e-05,0.0021124722468506643
171,2.7450083431497947e-05,0.00042520956484983597,0.0001490853724323292,0.0003171156665173617,1.6331807030023342e-07,0.9968420546344977,0.0003140383993192511,0.0016505840390218227,0.0002742989218598122
172,9.501412046897897e-05,0.8103529845018402,0.16760197475748567,0.01997981236357399,0.0007048700877836626,0.00010321023963537458,0.0006390007411938312,2.9423644124629352e-05,0.000493709543893634
173,0.0007650417654318769,0.520263228376136,0.3372854591332318,0.10675362402997642,0.002744761029498243,0.002316579460733829,0.028299279980945703,0.0004708956721099718,0.0011011305519361035
174,0.013891627779962487,0.5974049455440456,0.1992957608597775,0.03762417301619312,0.0015987292182413533,0.012038889525327948,0.13221324918635258,0.001395373621839645,0.004537251248259712
175,0.0017256431747027714,0.0037637446965595642,0.0019474658209168126,0.003126233016759022,0.9843002527631066,2.097857789087202e-05,0.00048542753836380295,0.0035544381803473846,0.0010758162313532459
176,0.008305239509489887,0.03569816948165644,0.011976191241437143,0.011285785882133102,0.9180240263806387,0.00011643845078587762,0.004222133636353645,0.006945984671199437,0.0034260307463056965
177,0.0012678758073306515,6.176304406479117e-05,0.00015868348993014646,2.936846885560944e-07,0.0008036923079186576,0.00015955575429068186,0.00019388632627077344,0.9963317957716611,0.0010224538138446854
178,0.0032465659615603204,6.953101970931196e-05,1.4308724907612587e-06,0.0003713351268573763,6.017520617328575e-05,0.9822189714874304,0.0022276877548334582,0.01128277758631699,0.0005215249846282692
179,0.01017337775558474,0.0008978224865508407,0.00048452422505539653,0.0033925960023855825,5.161305476536768e-06,0.09481254664096742,0.00024461560813031173,0.0005148576039577116,0.8894744983718915
180,0.00011940321982007808,0.8306683675259318,0.05365221125660813,0.11182015205578534,0.0019177885983025962,0.00042806171390072145,0.0006599990765257704,2.6343025261192127e-05,0.00070767352786415
181,0.006785014172979081,0.8663400926984179,0.08867234057076281,0.008565950522705451,0.003668062315814324,0.00580641523380773,0.007040607728560645,0.005289046909257201,0.00783246984769484
182,3.624357268808959e-05,0.0002997688849972427,9.58754511848429e-05,0.0004589510152719153,1.9973139990878755e-07,0.9972476282974239,0.000266424446941535,0.0011561454819803123,0.0004387631181122958
183,2.92983040921976e-05,0.9425617416402314,0.05064714611503542,0.005768005097604126,0.0005745251705927128,4.3517236178391565e-05,0.0003095144775094322,1.6656129546178765e-05,4.959582921017949e-05
184,2.06674631405448e-05,0.7267575249309489,0.26948408220388237,0.002610573220330215,0.0003871885653293458,4.60704653820255e-05,0.0005662373401434968,7.530026836688658e-05,5.235554247617049e-05
185,0.0036517216913267356,0.043488336035627885,0.26211971083802155,0.0450223537097645,3.055015531113512e-05,0.2791888417031749,0.34483256326102485,0.0043018702119426355,0.01736405239380603
186,0.0006386323238054351,0.5766462458087472,0.3423158292302357,0.053222816014992486,0.0010340566552774501,0.0031361533321379287,0.020786871944840822,0.0006523985776331194,0.0015669961123300398
187,0.003074560828643555,0.00012053334305127564,0.00010409086389611415,8.246035266370541e-06,0.0005058165116807062,0.013617259353333749,0.0014343726066601047,0.9792498682781547,0.001885252179313443
188,0.003768331676151478,0.00011002143855117137,6.334698745231958e-05,1.6649664910473908e-05,0.0008068279766749581,0.025555035725340004,0.0018651740803776965,0.9659359956033874,0.001878616847154343
189,0.004116766016836939,0.00016331818004124447,8.01625363582213e-06,0.00412749413518059,2.0490393513393043e-05,0.9826732021462784,0.005157155622741518,0.0011033813639189614,0.00263017588785314
190,0.0030722516134219706,0.8172470962862136,0.12983774446588173,0.024803103871781265,0.0027458332961724542,0.00132317291871475,0.019383351291554073,0.00035175686387268714,0.0012356893923876307
191,0.004628473716384994,0.00028204016089379986,0.0002558136831484042,8.958574373074848e-06,0.00022870706241473178,0.021172624467361525,0.001392911479481064,0.9668473368700715,0.005183133985870771
192,0.00014072513634781907,0.00019768219044856756,0.00014943675338108576,0.0006377886157141908,2.3485650937278949e-07,0.9953725552235226,0.0012645202407566723,0.0011819134391355558,0.0010551435441840807
193,4.958532709338618e-05,0.0002030636576816371,0.00010992487607954121,0.0009372815044442733,2.3729136757755115e-07,0.9969292631830086,0.0004928659500312742,0.0006789680544606261,0.0005988101558330731
194,0.0006236426857240768,0.4498550578834791,0.5285269678694435,0.0015889230275356954,0.001904273655724968,0.000815238268160558,0.006697385293361378,0.009062091205908694,0.000926420110662071
195,8.322339815036599e-05,0.29403062530723256,0.6627089453703601,0.03993076933630317,0.0007425441417286394,8.520911377667928e-05,0.0012787170708414809,3.9353869427371576e-05,0.0011006123921795921
196,0.056735080612375956,0.0005445613954368843,2.179262888329414e-05,0.00544235620259636,0.0001064685072938853,0.8557756646523198,0.07168971370437291,0.0030471626642271177,0.006637199632493899
197,0.005343389927915456,0.00013375273777245487,3.867927530719296e-06,0.0014689961159490086,4.720507643641026e-05,0.9810686454902967,0.007289547974131194,0.003632848827709033,0.0010117459222590307
198,0.017671796688881025,0.00015954650943997704,8.690588234821245e-06,0.0044980512280597,4.888101553757321e-05,0.9549880713732173,0.01403873965507955,0.0021081904289597525,0.00647803251259024
199,0.0036416004898185096,0.6785343279134614,0.12607604088800875,0.1313909552737825,0.023905696768417372,0.0014571823357482916,0.0021479928410957317,0.0008930139583812554,0.0319531895312863
200,0.003069986734143705,0.790565946998868,0.15574417772143576,0.024710842005243417,0.008790386763996008,0.001446893527555416,0.011480862198166122,0.0014429333367786358,0.002747970713813004
201,0.0007064232299375877,0.0023106614635479035,0.001390469951186935,0.0010130764727509368,0.9892469739455498,9.734384659494192e-06,0.00019509539960213779,0.004699265335065093,0.0004282998176999118
202,3.9169059765370384e-05,9.452399956042895e-05,1.1192431665879688e-05,0.0002807414432285226,3.9206761239833065e-07,0.9979665547437463,0.00014560246195096464,0.0012142558463462553,0.0002475679461238391
203,0.008959627235295359,0.00017984756044516168,0.00024147623929858308,6.835137551383094e-06,0.000295869710650477,0.015549874721850812,0.0026243848910932613,0.9673211998227473,0.004820884681067568
204,0.024783137702805533,0.00016488004365515198,0.0009884912116521227,7.313277833702264e-05,9.10315675935518e-06,0.0037808079484132812,0.0002267040325189651,0.004061434080796406,0.9659123090450622
205,0.005749922987251875,0.0008824303712908598,0.0005970954592224561,6.188246674787527e-05,0.00033710387446256616,0.09847160256554388,0.006183325853140349,0.8826227376026984,0.005093898819641697
